2.03458
1.762
1.24592
1.06253
1.01729
0.881
0.808461
0.78799
0.719333
0.678194
0.678194
0.622961
0.595665
0.587333
0.587333
0.557193
0.537405
0.531263
0.508646
0.493459
0.493459
0.488691
0.470914
0.458786
0.458786
0.4405
0.430525
0.427348
0.427348
0.415307
0.415307
0.406916
0.406916
0.404231
0.393995
0.386809
0.386809
0.3845
0.37566
0.369416
0.359667
0.354175
0.354175
0.354175
0.3524
0.3524
0.345557
0.345557
0.340678
0.340678
0.339097
0.339097
0.328615
0.327195
0.327195
0.321696
0.317748
0.317748
0.311481
0.307893
0.307893
0.307893
0.306725
0.306725
0.302181
0.302181
0.298902
0.298902
0.297832
0.293667
0.293667
0.290655
0.290655
0.289671
0.285834
0.285834
0.283054
0.283054
0.278597
0.276021
0.275178
0.275178
0.275178
0.271883
0.269487
0.269487
0.269487
0.269487
0.268702
0.265631
0.263396
0.263396
0.263396
0.262663
0.262663
0.259793
0.2577
0.2577
0.254323
0.252359
0.252359
0.251714
0.251714
0.249184
0.249184
0.249184
0.247336
0.247336
0.246729
0.246729
0.244345
0.242602
0.242602
0.242029
0.242029
0.239778
0.239778
0.239778
0.23813
0.23813
0.23813
0.235457
0.233896
0.233896
0.233896
0.233383
0.233383
0.231362
0.22988
0.229393
0.229393
0.226065
0.226065
0.226065
0.226065
0.225601
0.225601
0.223774
0.223774
0.222433
0.222433
0.222433
0.222433
0.22025
0.218971
0.218971
0.218549
0.218549
0.218549
0.216887
0.216887
0.216887